698.75	43.1300014257431	43.380001187324524	42.93000102043152	42.7700012922287	42.78999865055084
699	43.75999867916107	44.110000133514404	43.72999966144562	43.36999952793121	43.45000088214874
699.25	44.22000050544739	44.62000131607056	44.3699985742569	43.959999084472656	44.029998779296875
699.5	44.78999972343445	45.17999887466431	45.14000117778778	44.62999999523163	44.72000002861023
699.75	45.649999380111694	46.02999985218048	46.02999985218048	45.55999934673309	45.64000070095062
700	46.639999747276306	46.97999954223633	46.81999981403351	46.619999408721924	46.50999903678894
700.25	47.33000099658966	47.54999876022339	47.360000014305115	47.24999964237213	47.08999991416931
700.5	47.769999504089355	48.010000586509705	47.850000858306885	47.67000079154968	47.49999940395355
700.75	48.510000109672546	48.820000886917114	48.69999885559082	48.42999875545502	48.19000065326691
701	49.36000108718872	49.77999925613403	49.64999854564667	49.34000074863434	49.07999932765961
701.25	49.720001220703125	50.23999810218811	50.040000677108765	49.8199999332428	49.52000081539154
701.5	49.950000643730164	50.47000050544739	50.16000270843506	50.13999938964844	49.720001220703125
701.75	50.81999897956848	51.169997453689575	50.770002603530884	50.91000199317932	50.360000133514404
702	51.7799973487854	51.95000171661377	51.660001277923584	51.74000263214111	51.27999782562256
702.25	52.27000117301941	52.42000222206116	52.160000801086426	52.10999846458435	51.88000202178955
702.5	52.63000130653381	52.880001068115234	52.57999897003174	52.4399995803833	52.42000222206116
702.75	53.2800018787384	53.67000102996826	53.329998254776	53.200000524520874	53.329998254776
703	54.04999852180481	54.4700026512146	54.04000282287598	53.9900004863739	54.04999852180481
703.25	54.409998655319214	54.75999712944031	54.350000619888306	54.37999963760376	54.22999858856201
703.5	54.659998416900635	54.83999848365784	54.500001668930054	54.61000204086304	54.350000619888306
703.75	55.22000193595886	55.400002002716064	55.04999756813049	55.080002546310425	54.8799991607666
704	56.129997968673706	56.38999938964844	56.00000023841858	55.87000250816345	55.900001525878906
704.25	56.72000050544739	56.91999793052673	56.58000111579895	56.31999969482422	56.529998779296875
704.5	57.03999996185303	57.190001010894775	56.88999891281128	56.540000438690186	56.690001487731934
704.75	57.9800009727478	58.05000066757202	57.87000060081482	57.45000243186951	57.45000243186951
705	58.88000130653381	58.85999798774719	58.84000062942505	58.410000801086426	58.30000042915344
705.25	58.91000032424927	58.92000198364258	58.96000266075134	58.53000283241272	58.35999846458435
705.5	58.91000032424927	58.93999934196472	59.07999873161316	58.59000086784363	58.480000495910645
705.75	59.630000591278076	59.64000225067139	59.75000262260437	59.24999713897705	59.22999978065491
706	60.360002517700195	60.350000858306885	60.350000858306885	59.859997034072876	59.82000231742859
706.25	60.68999767303467	60.64000129699707	60.55999994277954	60.110002756118774	59.950000047683716
706.5	61.15000247955322	61.080002784729004	60.97999811172485	60.610002279281616	60.350000858306885
706.75	61.76000237464905	61.69999837875366	61.729997396469116	61.34999990463257	61.08999848365784
707	62.15999722480774	62.199997901916504	62.19000220298767	61.87000274658203	61.62999868392944
707.25	62.44000196456909	62.51000165939331	62.41999864578247	62.18000054359436	62.0199978351593
707.5	62.92999982833862	62.860000133514404	62.769997119903564	62.550002336502075	62.41000294685364
707.75	63.770002126693726	63.599997758865356	63.359999656677246	63.12999725341797	62.98999786376953
708	64.37000036239624	64.12000060081482	63.81000280380249	63.59000205993652	63.45999836921692
708.25	64.20000195503235	63.89999985694885	63.679999113082886	63.440001010894775	63.3400022983551
708.5	64.19000029563904	64.0500009059906	63.88000249862671	63.59000205993652	63.45999836921692
708.75	64.9399995803833	64.9399995803833	64.74999785423279	64.52000141143799	64.28999900817871
709	65.63000082969666	65.63000082969666	65.38000106811523	65.21999835968018	64.96999859809875
709.25	65.72999954223633	65.81000089645386	65.47999978065491	65.31999707221985	64.99000191688538
709.5	65.9600019454956	65.99000096321106	65.65999984741211	65.49000144004822	65.09000062942505
709.75	66.54000282287598	66.57000184059143	66.3100004196167	66.07000231742859	65.83999991416931
710	66.79999828338623	66.9700026512146	66.76999926567078	66.39999747276306	66.39999747276306
710.25	66.7900025844574	66.87999963760376	66.64999723434448	66.25999808311462	66.39000177383423
710.5	66.96000099182129	66.99000000953674	66.61999821662903	66.3100004196167	66.47999882698059
710.75	67.79000163078308	67.66999959945679	67.29000210762024	67.00999736785889	67.12999939918518
711	68.76999735832214	68.4499979019165	68.2099997997284	67.97999739646912	67.87999868392944
711.25	68.86000037193298	68.51000189781189	68.48000288009644	68.23999881744385	68.00000071525574
711.5	68.66999864578247	68.3899998664856	68.43000054359436	68.15999746322632	67.93000102043152
711.75	68.98000240325928	68.91999840736389	68.76000165939331	68.51999759674072	68.34999918937683
712	69.48999762535095	69.55000162124634	69.13999915122986	69.02999877929688	68.8700020313263
712.25	69.72000002861023	69.70999836921692	69.19999718666077	69.30999755859375	69.02999877929688
712.5	70.06999850273132	69.92999911308289	69.55999732017517	69.7700023651123	69.2900002002716
712.75	70.6499993801117	70.46999931335449	70.27999758720398	70.50999999046326	69.92999911308289
713	70.8899974822998	70.7099974155426	70.73000073432922	70.81000208854675	70.37000060081482
713.25	70.63000202178955	70.60999870300293	70.63000202178955	70.52000164985657	70.28999924659729
713.5	70.38999795913696	70.55000066757202	70.4200029373169	70.27999758720398	70.20000219345093
713.75	70.92000246047974	71.06000185012817	70.8899974822998	70.77999711036682	70.60999870300293
714	71.75999879837036	71.8500018119812	71.56000137329102	71.57999873161316	71.25999927520752
714.25	71.93999886512756	71.96999788284302	71.78999781608582	71.79999947547913	71.38000130653381
714.5	71.85999751091003	71.88000082969666	71.85999751091003	71.64999842643738	71.24999761581421
714.75	72.08999991416931	72.2000002861023	72.2000002861023	71.71000242233276	71.63000106811523
715	72.35000133514404	72.65999913215637	72.63000011444092	71.96999788284302	72.079998254776
715.25	72.49000072479248	72.87999987602234	72.79999852180481	72.14999794960022	72.2599983215332
715.5	72.68999814987183	73.05999994277954	72.89999723434448	72.3800003528595	72.39999771118164
715.75	73.15999865531921	73.55999946594238	73.33999872207642	73.00000190734863	72.82000184059143
716	73.64000082015991	74.01000261306763	73.87999892234802	73.580002784729	73.36000204086304
716.25	73.51999878883362	73.90999794006348	73.79000186920166	73.46000075340271	73.29999804496765
716.5	73.29999804496765	73.68000149726868	73.58999848365784	73.18999767303467	73.14000129699707
716.75	73.66999983787537	74.09999966621399	74.02999997138977	73.54999780654907	73.54999780654907
717	74.16999936103821	74.62999820709229	74.50000047683716	74.08999800682068	73.89000058174133
717.25	74.21000003814697	74.62999820709229	74.48999881744385	74.22999739646912	73.84999990463257
717.5	73.96000027656555	74.44000244140625	74.3399977684021	74.19000267982483	73.78000020980835
717.75	74.29999709129333	74.79000091552734	74.72000122070313	74.65999722480774	74.32000041007996
718	74.91999864578247	75.51000118255615	75.37999749183655	75.29000043869019	75.08999705314636
718.25	75.08999705314636	75.73999762535095	75.55000185966492	75.30999779701233	75.19999742507935
718.5	75.30999779701233	75.95999836921692	75.70000290870667	75.3000020980835	75.16000270843506
718.75	75.6600022315979	76.33000016212463	75.99999904632568	75.58000087738037	75.27999877929688
719	75.78999996185303	76.39999985694885	76.13000273704529	75.77000260353088	75.3499984741211
719.25	75.7099986076355	76.28999948501587	76.09999775886536	75.77000260353088	75.37000179290771
719.5	75.65000057220459	76.2399971485138	76.09000205993652	75.76000094413757	75.5299985408783
719.75	75.85999965667725	76.5500009059906	76.27000212669373	75.97000002861023	75.92999935150146
720	76.31999850273132	77.0799994468689	76.64999961853027	76.3700008392334	76.41000151634216
720.25	76.48000121116638	77.30000019073486	76.88999772071838	76.57999992370605	76.53999924659729
720.5	76.63000226020813	77.53000259399414	77.18999981880188	76.910001039505	76.70000195503235
720.75	77.02000141143799	77.85999774932861	77.67999768257141	77.39999890327454	77.0799994468689
721	76.8999993801117	77.64999866485596	77.63000130653381	77.38000154495239	76.98000073432922
721.25	76.95000171661377	77.57999897003174	77.64000296592712	77.42999792098999	76.99000239372253
721.5	77.42000222206116	78.03000211715698	77.99000144004822	77.77000069618225	77.38999724388123
721.75	77.66000032424927	78.31000089645386	78.15999984741211	77.95000076293945	77.66000032424927
722	77.67000198364258	78.24000120162964	78.20000052452087	77.920001745224	77.64000296592712
722.25	77.45000123977661	77.99999713897705	78.03999781608582	77.71000266075134	77.46000289916992
722.5	77.46999859809875	78.09000015258789	78.1499981880188	77.85999774932861	77.67000198364258
722.75	78.03999781608582	78.68000268936157	78.75000238418579	78.4600019454956	78.25000286102295
723	78.40999960899353	79.08999919891357	79.04999852180481	78.75999808311462	78.53000164031982
723.25	78.27000021934509	78.94999980926514	78.78000140190125	78.56000065803528	78.2800018787384
723.5	78.31000089645386	78.83999943733215	78.71000170707703	78.4600019454956	78.14000248908997
723.75	78.71000170707703	79.11999821662903	79.08999919891357	78.8100004196167	78.46999764442444
724	78.75999808311462	79.08999919891357	79.1599988937378	78.83999943733215	78.53000164031982
724.25	78.43999862670898	78.71999740600586	78.86999845504761	78.38000059127808	78.24000120162964
724.5	78.39000225067139	78.68000268936157	78.76999974250793	78.28999757766724	78.22999954223633
724.75	78.78999710083008	79.03000116348267	79.00999784469604	78.70000004768372	78.58999967575073
725	79.11999821662903	79.36999797821045	79.30999994277954	79.1100025177002	78.89999747276306
725.25	79.339998960495	79.55999970436096	79.54999804496765	79.42000031471252	79.10000085830688
725.5	79.78000044822693	79.97000217437744	79.97999787330627	79.90000247955322	79.57000136375427
725.75	79.98999953269958	80.11000156402588	80.14000058174133	80.03000020980835	79.71000075340271
726	79.67000007629395	79.76999878883362	79.75000143051147	79.61000204086304	79.2900025844574
726.25	79.53000068664551	79.61999773979187	79.53000068664551	79.39000129699707	79.12999987602234
726.5	80.04000186920166	80.14000058174133	80.08000254631042	79.83999848365784	79.61999773979187
726.75	80.44000267982483	80.61000108718872	80.55999875068665	80.1800012588501	80.0100028514862
727	80.19999861717224	80.26000261306763	80.29000163078308	79.75000143051147	79.72999811172485
727.25	79.93000149726868	79.89000082015991	79.93999719619751	79.30999994277954	79.39000129699707
727.5	80.25000095367432	80.19999861717224	80.15000224113464	79.61999773979187	79.71000075340271
727.75	80.7699978351593	80.7099997997284	80.62999844551086	80.239999294281	80.2299976348877
728	80.69000244140625	80.65999746322632	80.62000274658203	80.33000230789185	80.1800012588501
728.25	80.29999732971191	80.29000163078308	80.3600013256073	80.0499975681305	79.76999878883362
728.5	80.51000237464905	80.44000267982483	80.58000206947327	80.26999831199646	79.90000247955322
728.75	80.8899998664856	80.73999881744385	80.79000115394592	80.55999875068665	80.239999294281
729	80.69999814033508	80.51999807357788	80.43000102043152	80.22000193595886	79.97000217437744
729.25	80.64000010490417	80.43000102043152	80.25000095367432	80.0599992275238	79.91999983787537
729.5	80.98999857902527	80.87000250816345	80.7099997997284	80.47000169754028	80.36999702453613
729.75	81.1299979686737	81.16000294685364	81.13999962806702	80.79000115394592	80.65999746322632
730	81.0699999332428	81.16999864578247	81.29000067710876	80.82000017166138	80.77999949455261
730.25	81.1299979686737	81.30000233650208	81.3700020313263	80.90999722480774	80.9499979019165
730.5	81.47000074386597	81.52999877929688	81.48999810218811	81.08000159263611	81.18000030517578
730.75	81.73999786376953	81.72000050544739	81.49999976158142	81.12000226974487	81.23000264167786
731	81.48999810218811	81.48000240325928	81.15000128746033	80.7699978351593	80.79000115394592
731.25	81.18000030517578	81.09999895095825	80.83999752998352	80.41999936103821	80.33999800682068
731.5	81.11000061035156	81.0699999332428	80.9499979019165	80.5400013923645	80.33999800682068
731.75	81.19000196456909	81.13999962806702	81.18000030517578	80.7200014591217	80.48999905586243
732	81.05000257492065	80.95999956130981	81.08999729156494	80.59999942779541	80.29999732971191
732.25	81.00000023841858	80.95999956130981	81.0699999332428	80.66999912261963	80.27999997138977
732.5	81.66999816894531	81.62000179290771	81.62999749183655	81.31999969482422	80.93000054359436
732.75	81.92999958992004	81.80999755859375	81.7900002002716	81.54000043869019	81.1299979686737
733	81.48000240325928	81.27999901771545	81.34999871253967	81.09999895095825	80.77999949455261
733.25	81.26000165939331	81.11000061035156	81.19000196456909	80.86000084877014	80.64000010490417
733.5	81.29000067710876	81.26000165939331	81.30999803543091	80.87999820709229	80.73999881744385
733.75	81.29000067710876	81.37999773025513	81.34999871253967	80.90999722480774	80.7699978351593
734	81.26999735832214	81.30999803543091	81.30000233650208	80.83000183105469	80.69999814033508
734.25	81.30000233650208	81.26999735832214	81.31999969482422	80.9000015258789	80.7099997997284
734.5	81.5500020980835	81.47000074386597	81.58000111579895	81.16999864578247	80.8899998664856
734.75	81.63999915122986	81.48999810218811	81.62000179290771	81.16999864578247	80.91999888420105
735	81.38999938964844	81.36000037193298	81.33000135421753	80.87999820709229	80.65000176429749
735.25	81.48000240325928	81.54000043869019	81.37999773025513	80.98000288009644	80.7200014591217
735.5	81.80999755859375	81.88999891281128	81.69999718666077	81.44000172615051	81.12000226974487
735.75	81.66000247001648	81.76000118255615	81.62999749183655	81.41000270843506	81.01999759674072
736	81.09999895095825	81.22000098228455	81.20999932289124	81.01999759674072	80.54999709129333
736.25	80.97000122070313	81.16000294685364	81.16999864578247	80.9000015258789	80.54999709129333
736.5	81.31999969482422	81.62999749183655	81.58000111579895	81.11000061035156	80.9499979019165
736.75	81.6100001335144	82.05000162124634	81.85999989509583	81.36000037193298	81.1299979686737
737	81.70999884605408	82.15000033378601	81.85999989509583	81.33999705314636	81.12000226974487
737.25	81.73999786376953	82.09999799728394	81.81999921798706	81.36000037193298	81.12000226974487
737.5	81.83000087738037	82.13000297546387	81.97000026702881	81.54000043869019	81.23999834060669
737.75	81.80999755859375	81.99999928474426	82.05999732017517	81.45999908447266	81.34999871253967
738	81.48999810218811	81.66999816894531	81.81999921798706	81.13999962806702	81.16999864578247
738.25	81.41000270843506	81.62999749183655	81.7300021648407	81.12000226974487	81.09999895095825
738.5	81.62999749183655	81.88999891281128	81.84000253677368	81.3700020313263	81.20999932289124
738.75	81.69000148773193	81.95000290870667	81.80999755859375	81.49999976158142	81.13999962806702
739	81.33999705314636	81.6100001335144	81.5500020980835	81.33000135421753	80.82000017166138
739.25	81.16999864578247	81.44000172615051	81.5500020980835	81.27999901771545	80.7699978351593
739.5	81.55999779701233	81.7799985408783	81.92999958992004	81.62000179290771	81.23999834060669
739.75	81.62000179290771	81.84999823570251	81.9100022315979	81.5500020980835	81.3700020313263
740	81.4300000667572	81.70999884605408	81.63999915122986	81.26999735832214	81.18000030517578
740.25	81.7300021648407	82.02999830245972	81.88999891281128	81.59000277519226	81.4300000667572
740.5	81.9100022315979	82.20000267028809	82.0900022983551	81.83000087738037	81.51000142097473
740.75	81.49999976158142	81.77000284194946	81.73999786376953	81.49999976158142	81.05000257492065
741	81.18000030517578	81.3700020313263	81.41999840736389	81.15000128746033	80.66999912261963
741.25	81.48000240325928	81.55999779701233	81.48000240325928	81.19999766349792	80.76000213623047
741.5	81.95000290870667	82.05000162124634	81.76000118255615	81.47000074386597	81.12000226974487
741.75	81.92999958992004	82.16000199317932	81.7799985408783	81.44000172615051	81.09999895095825
742	81.58000111579895	81.92999958992004	81.55999779701233	81.15000128746033	80.8899998664856
742.25	81.44999742507935	81.94000124931335	81.69000148773193	81.20999932289124	80.98999857902527
742.5	81.66999816894531	82.17999935150146	82.1399986743927	81.54000043869019	81.33999705314636
742.75	81.7799985408783	82.19000101089478	82.30000138282776	81.63999915122986	81.44000172615051
743	81.63999915122986	82.05000162124634	82.02999830245972	81.47000074386597	81.23999834060669
743.25	81.62000179290771	82.0900022983551	81.87000155448914	81.37999773025513	81.16000294685364
743.5	81.87999725341797	82.35999941825867	82.05999732017517	81.58000111579895	81.30999803543091
743.75	81.74999952316284	82.20000267028809	81.90000057220459	81.44999742507935	81.16999864578247
744	81.38999938964844	81.80000185966492	81.62000179290771	81.11000061035156	80.9000015258789
744.25	81.62999749183655	81.94000124931335	81.9100022315979	81.34999871253967	81.09999895095825
744.5	81.98000192642212	82.19000101089478	82.19000101089478	81.65000081062317	81.38999938964844
744.75	81.98999762535095	82.22000002861023	82.16000199317932	81.67999982833862	81.34999871253967
745	81.87999725341797	82.13000297546387	82.02999830245972	81.58000111579895	81.13999962806702
745.25	81.77000284194946	82.02000260353088	81.84000253677368	81.47000074386597	80.97000122070313
745.5	81.58000111579895	81.84999823570251	81.62999749183655	81.25	80.76000213623047
745.75	81.51999711990356	81.74999952316284	81.54000043869019	80.98000288009644	80.65000176429749
746	81.84999823570251	81.99999928474426	81.70999884605408	81.16999864578247	80.9000015258789
746.25	82.38000273704529	82.4400007724762	82.09999799728394	81.67999982833862	81.3700020313263
746.5	82.46999979019165	82.53999948501587	82.23000168800354	81.81999921798706	81.48999810218811
746.75	81.94000124931335	82.01000094413757	81.80000185966492	81.37999773025513	81.00000023841858
747	81.49999976158142	81.5500020980835	81.51999711990356	80.98999857902527	80.65000176429749
747.25	81.66000247001648	81.7300021648407	81.84000253677368	81.11000061035156	80.91999888420105
747.5	82.08000063896179	82.15000033378601	82.2700023651123	81.44000172615051	81.29000067710876
747.75	82.10999965667725	82.16999769210815	82.23000168800354	81.44999742507935	81.19999766349792
748	82.20999836921692	82.2700023651123	82.27999806404114	81.5999984741211	81.23999834060669
748.25	82.55000114440918	82.64999985694885	82.56000280380249	82.02000260353088	81.58000111579895
748.5	82.28999972343445	82.38000273704529	82.24999904632568	81.7799985408783	81.40000104904175
748.75	81.7300021648407	81.88999891281128	81.66999816894531	81.30000233650208	81.01999759674072
749	81.73999786376953	81.95000290870667	81.6100001335144	81.34999871253967	81.08999729156494
749.25	82.24999904632568	82.37000107765198	82.03999996185303	81.77000284194946	81.45999908447266
749.5	82.52000212669373	82.58000016212463	82.3199987411499	81.99999928474426	81.6100001335144
749.75	82.27999806404114	82.30000138282776	82.17999935150146	81.74999952316284	81.41000270843506
750	82.16000199317932	82.13000297546387	82.1399986743927	81.63999915122986	81.40000104904175
750.25	82.30999708175659	82.22000002861023	82.28999972343445	81.73999786376953	81.52999877929688
750.5	82.56000280380249	82.38999843597412	82.41999745368958	81.85999989509583	81.66000247001648
750.75	82.91000127792358	82.73000121116638	82.60999917984009	82.17999935150146	81.87999725341797
751	83.07999968528748	82.99000263214111	82.69000053405762	82.40000009536743	81.9599986076355
751.25	83.00999999046326	83.06000232696533	82.66000151634216	82.38000273704529	82.01000094413757
751.5	82.63000249862671	82.81999826431274	82.4500024318695	82.0900022983551	81.85999989509583
751.75	82.19000101089478	82.4899971485138	82.16000199317932	81.72000050544739	81.56999945640564
752	82.27999806404114	82.52999782562256	82.34999775886536	81.7799985408783	81.67999982833862
752.25	82.4400007724762	82.71999955177307	82.52999782562256	81.98000192642212	81.73999786376953
752.5	82.260000705719	82.59000182151794	82.38999843597412	81.87000155448914	81.51000142097473
752.75	82.20000267028809	82.53999948501587	82.41999745368958	81.92999958992004	81.5500020980835
753	82.3199987411499	82.8000009059906	82.70000219345093	82.23999738693237	81.66000247001648
753.25	82.51000046730042	82.95999765396118	82.99999833106995	82.4899971485138	81.72000050544739
753.5	82.51000046730042	82.88999795913696	82.9800009727478	82.52000212669373	81.72000050544739
753.75	82.41999745368958	82.81000256538391	82.81999826431274	82.41999745368958	81.59000277519226
754	82.4999988079071	82.89999961853027	82.82999992370605	82.48000144958496	81.81999921798706
754.25	82.33000040054321	82.89999961853027	82.77000188827515	82.4500024318695	81.9599986076355
754.5	82.15000033378601	82.88999795913696	82.77000188827515	82.46999979019165	81.98000192642212
754.75	82.30000138282776	83.06999802589417	83.00999999046326	82.76000022888184	82.30999708175659
755	82.4999988079071	83.28999876976013	83.24000239372253	82.96999931335449	82.59999752044678
755.25	82.76000022888184	83.49000215530396	83.3400011062622	83.05000066757202	82.74000287055969
755.5	82.8000009059906	83.46999883651733	83.27000141143799	82.95999765396118	82.69000053405762
755.75	82.38000273704529	83.07999968528748	82.88999795913696	82.59999752044678	82.28999972343445
756	82.06999897956848	82.76000022888184	82.64999985694885	82.41999745368958	82.06999897956848
756.25	82.23000168800354	82.99000263214111	82.9200029373169	82.63999819755554	82.40000009536743
756.5	82.24999904632568	83.06000232696533	82.9800009727478	82.59999752044678	82.48000144958496
756.75	82.10999965667725	82.99000263214111	82.81999826431274	82.41000175476074	82.34999775886536
757	82.4899971485138	83.43999981880188	83.160001039505	82.73000121116638	82.66000151634216
757.25	82.88000226020813	83.79999995231628	83.569997549057	83.13999772071838	82.99999833106995
757.5	82.56999850273132	83.49999785423279	83.39999914169312	82.9800009727478	82.85999894142151
757.75	82.19000101089478	83.07999968528748	83.12000036239624	82.64999985694885	82.56000280380249
758	82.33000040054321	83.160001039505	83.31000208854675	82.78999924659729	82.669997215271
758.25	82.59000182151794	83.45999717712402	83.63999724388123	83.09999704360962	82.95000195503235
758.5	82.46999979019165	83.31999778747559	83.5099995136261	82.9800009727478	82.81999826431274
758.75	82.02999830245972	82.92999863624573	83.0299973487854	82.58000016212463	82.40000009536743
759	81.9599986076355	82.94000029563904	83.05000066757202	82.59000182151794	82.40000009536743
759.25	82.30000138282776	83.3400011062622	83.45000147819519	82.99000263214111	82.78999924659729
759.5	82.27999806404114	83.35000276565552	83.42000246047974	83.05000066757202	82.78999924659729
759.75	82.16999769210815	83.2099974155426	83.24999809265137	82.95000195503235	82.59999752044678
760	82.41999745368958	83.42000246047974	83.3899974822998	83.13000202178955	82.74999856948853
760.25	82.40000009536743	83.42000246047974	83.37000012397766	83.13000202178955	82.74999856948853
760.5	82.22000002861023	83.31999778747559	83.30000042915344	83.07999968528748	82.70000219345093
760.75	82.20999836921692	83.41000080108643	83.41000080108643	83.17000269889832	82.9200029373169
761	82.22000002861023	83.52000117301941	83.49999785423279	83.23000073432922	83.05000066757202
761.25	82.260000705719	83.66000056266785	83.55000019073486	83.30000042915344	83.12000036239624
761.5	82.260000705719	83.6899995803833	83.5099995136261	83.28999876976013	83.06999802589417
761.75	82.30000138282776	83.75999927520752	83.569997549057	83.35000276565552	83.02000164985657
762	82.41000175476074	83.96999835968018	83.78999829292297	83.5099995136261	83.17999839782715
762.25	82.2700023651123	83.81999731063843	83.70000123977661	83.37000012397766	83.12000036239624
762.5	82.01000094413757	83.46999883651733	83.38000178337097	83.07999968528748	82.8499972820282
762.75	82.19000101089478	83.56000185012817	83.45000147819519	83.17999839782715	82.89999961853027
763	82.81000256538391	84.13000106811523	84.03000235557556	83.71999859809875	83.39999914169312
763.25	83.03999900817871	84.3999981880188	84.31000113487244	83.91000032424927	83.60999822616577
763.5	82.53999948501587	83.98000001907349	83.93999934196472	83.42000246047974	83.17000269889832
763.75	82.35999941825867	83.85000228881836	83.88000130653381	83.28999876976013	83.07999968528748
764	82.63000249862671	84.07999873161316	84.170001745224	83.52000117301941	83.37000012397766
764.25	82.52999782562256	83.89000296592712	83.93999934196472	83.35000276565552	83.25999975204468
764.5	82.3199987411499	83.64999890327454	83.55000019073486	83.13999772071838	82.9800009727478
764.75	82.48000144958496	83.85999798774719	83.70000123977661	83.35999846458435	83.09999704360962
765	82.70000219345093	84.17999744415283	83.99999737739563	83.67999792098999	83.39999914169312
765.25	82.63000249862671	84.14000272750854	83.99999737739563	83.73000025749207	83.41000080108643
765.5	82.52000212669373	83.98000001907349	83.92999768257141	83.63000154495239	83.30000042915344
765.75	82.6799988746643	84.06999707221985	84.0399980545044	83.73000025749207	83.46999883651733
766	82.91000127792358	84.24000144004822	84.22999978065491	83.89999866485596	83.66000056266785
766.25	82.81000256538391	84.03000235557556	84.07999873161316	83.6899995803833	83.41000080108643
766.5	82.63000249862671	83.74000191688538	83.84000062942505	83.45000147819519	83.12000036239624
766.75	82.81000256538391	83.8100016117096	83.98000001907349	83.59000086784363	83.20000171661377
767	83.05000066757202	83.91000032424927	84.09000039100647	83.74000191688538	83.3299994468689
767.25	83.06999802589417	83.89999866485596	83.96000266075134	83.71000289916992	83.28999876976013
767.5	83.05000066757202	83.92000198364258	83.89999866485596	83.67000222206116	83.24000239372253
767.75	83.13999772071838	84.0399980545044	84.00999903678894	83.73000025749207	83.30000042915344
768	83.19000005722046	84.13000106811523	84.14999842643738	83.8100016117096	83.35999846458435
768.25	82.95999765396118	83.88000130653381	84.02000069618225	83.57999920845032	83.2099974155426
768.5	82.73000121116638	83.61999988555908	83.78000259399414	83.28999876976013	83.02000164985657
768.75	83.160001039505	83.95000100135803	84.06000137329102	83.569997549057	83.3899974822998
769	83.93999934196472	84.68000292778015	84.64000225067139	84.22999978065491	84.0499997138977
769.25	83.88000130653381	84.63000059127808	84.52000021934509	84.18999910354614	83.91000032424927
769.5	83.13999772071838	83.85999798774719	83.8100016117096	83.52000117301941	83.12000036239624
769.75	82.89999961853027	83.64999890327454	83.64999890327454	83.35000276565552	82.96999931335449
770	83.17000269889832	83.89999866485596	83.96000266075134	83.60999822616577	83.38000178337097
770.25	83.59000086784363	84.24000144004822	84.24000144004822	83.96000266075134	83.78000259399414
770.5	83.91000032424927	84.60999727249146	84.5300018787384	84.25999879837036	84.09000039100647
770.75	84.00999903678894	84.85000133514404	84.71999764442444	84.38000082969666	84.18999910354614
771	83.92999768257141	84.82000231742859	84.7000002861023	84.31000113487244	84.03000235557556
771.25	83.53999853134155	84.46999788284302	84.38000082969666	83.92999768257141	83.67000222206116
771.5	83.35999846458435	84.13000106811523	84.06000137329102	83.60999822616577	83.39999914169312
771.75	83.57999920845032	84.17999744415283	84.09000039100647	83.71000289916992	83.49999785423279
772	83.82999897003174	84.35999751091003	84.22999978065491	83.93999934196472	83.6899995803833
772.25	83.84000062942505	84.31000113487244	84.18999910354614	83.91000032424927	83.60999822616577
772.5	83.74999761581421	84.27000045776367	84.16000008583069	83.8699996471405	83.49999785423279
772.75	83.88000130653381	84.42999720573425	84.35999751091003	83.99999737739563	83.66000056266785
773	84.06999707221985	84.57000255584717	84.53999757766724	84.17999744415283	83.89999866485596
773.25	84.06000137329102	84.49000120162964	84.45000052452087	84.17999744415283	83.91000032424927
773.5	83.89000296592712	84.24000144004822	84.21000242233276	83.9900016784668	83.74999761581421
773.75	83.75999927520752	84.09000039100647	84.00999903678894	83.85000228881836	83.60000252723694
774	83.78999829292297	84.13000106811523	84.03000235557556	83.85999798774719	83.61999988555908
774.25	83.96999835968018	84.32999849319458	84.28000211715698	84.02000069618225	83.74999761581421
774.5	84.29999947547913	84.60999727249146	84.58999991416931	84.28000211715698	83.98000001907349
774.75	84.58999991416931	84.85000133514404	84.82999801635742	84.50000286102295	84.20000076293945
775	84.579998254776	84.72999930381775	84.75000262260437	84.43999886512756	84.11999940872192
775.25	84.21000242233276	84.32999849319458	84.32000279426575	84.09000039100647	83.74999761581421
775.5	83.96999835968018	84.14000272750854	84.10999774932861	83.89999866485596	83.52000117301941
775.75	84.06000137329102	84.28000211715698	84.24999713897705	84.06000137329102	83.66000056266785
776	84.10999774932861	84.39000248908997	84.25999879837036	84.16000008583069	83.78999829292297
776.25	84.10999774932861	84.43999886512756	84.27000045776367	84.16000008583069	83.85999798774719
776.5	84.3500018119812	84.68000292778015	84.46999788284302	84.32999849319458	84.13000106811523
776.75	84.7000002861023	85.01999974250793	84.78000164031982	84.57000255584717	84.40999984741211
777	84.60000157356262	84.96999740600586	84.76999998092651	84.47999954223633	84.24000144004822
777.25	84.10000205039978	84.50999855995178	84.3500018119812	84.07999873161316	83.71000289916992
777.5	83.92999768257141	84.38000082969666	84.25999879837036	84.00999903678894	83.57999920845032
777.75	84.29999947547913	84.7599983215332	84.65999960899353	84.46000218391418	84.07999873161316
778	84.46000218391418	84.85000133514404	84.78999733924866	84.64999794960022	84.31000113487244
778.25	84.14999842643738	84.46000218391418	84.3999981880188	84.28000211715698	83.99999737739563
778.5	84.11999940872192	84.36999917030334	84.34000015258789	84.16000008583069	83.92000198364258
778.75	84.49000120162964	84.7599983215332	84.71999764442444	84.54999923706055	84.29999947547913
779	84.63000059127808	84.90999937057495	84.8800003528595	84.68999862670898	84.46999788284302
779.25	84.3500018119812	84.67000126838684	84.65999960899353	84.39000248908997	84.24000144004822
779.5	84.20000076293945	84.58999991416931	84.50000286102295	84.27000045776367	84.13000106811523
779.75	84.45000052452087	84.85999703407288	84.7100019454956	84.49000120162964	84.3500018119812
780	84.60000157356262	85.01999974250793	84.89999771118164	84.65999960899353	84.47999954223633
780.25	84.52000021934509	84.90999937057495	84.82999801635742	84.60000157356262	84.36999917030334
780.5	84.52000021934509	84.86999869346619	84.83999967575073	84.579998254776	84.3500018119812
780.75	84.63000059127808	84.8800003528595	84.90999937057495	84.60999727249146	84.42999720573425
781	84.54999923706055	84.74000096321106	84.75000262260437	84.43999886512756	84.28999781608582
781.25	84.25999879837036	84.50000286102295	84.47999954223633	84.16000008583069	83.99999737739563
781.5	84.27000045776367	84.64000225067139	84.58999991416931	84.22999978065491	84.10999774932861
781.75	84.52000021934509	85.00999808311462	84.95000004768372	84.64999794960022	84.46999788284302
782	84.45000052452087	85.01999974250793	85.03000140190125	84.75000262260437	84.50000286102295
782.25	84.46999788284302	85.03000140190125	85.04999876022339	84.78000164031982	84.56000089645386
782.5	84.71999764442444	85.21999716758728	85.180002450943	84.99000072479248	84.76999998092651
782.75	84.67000126838684	85.11999845504761	85.04999876022339	84.90999937057495	84.68000292778015
783	84.50000286102295	84.99000072479248	84.82999801635742	84.72999930381775	84.46999788284302
783.25	84.54999923706055	85.11999845504761	84.89999771118164	84.82000231742859	84.5300018787384
783.5	84.7000002861023	85.35000085830688	85.14999747276306	85.04999876022339	84.74000096321106
783.75	84.68000292778015	85.32000184059143	85.18999814987183	85.03999710083008	84.72999930381775
784	84.40999984741211	84.99000072479248	84.92000102996826	84.72999930381775	84.47999954223633
784.25	84.3999981880188	84.92000102996826	84.92000102996826	84.64000225067139	84.49000120162964
784.5	84.58999991416931	85.13000011444092	85.13000011444092	84.82999801635742	84.71999764442444
784.75	84.50999855995178	85.07999777793884	85.07000207901001	84.78999733924866	84.68000292778015
785	84.24999713897705	84.85000133514404	84.8800003528595	84.60999727249146	84.46999788284302
785.25	84.29999947547913	84.95000004768372	84.95000004768372	84.75000262260437	84.5300018787384
785.5	84.68000292778015	85.29000282287598	85.26999950408936	85.08999943733215	84.89000201225281
785.75	84.74000096321106	85.35000085830688	85.29000282287598	85.11999845504761	84.9399983882904
786	84.46999788284302	85.13000011444092	84.99000072479248	84.82000231742859	84.61999893188477
786.25	84.29999947547913	84.97999906539917	84.82000231742859	84.60000157356262	84.39000248908997
786.5	84.47999954223633	85.11000275611877	85.00000238418579	84.74000096321106	84.49000120162964
786.75	84.7000002861023	85.31000018119812	85.25999784469604	84.97999906539917	84.65999960899353
787	84.64999794960022	85.21999716758728	85.19999980926514	84.86999869346619	84.60000157356262
787.25	84.40999984741211	84.96000170707703	84.90999937057495	84.56000089645386	84.42000150680542
787.5	84.22999978065491	84.85000133514404	84.7000002861023	84.39000248908997	84.29999947547913
787.75	84.21000242233276	84.85999703407288	84.68000292778015	84.3999981880188	84.28000211715698
788	84.28999781608582	84.97999906539917	84.79999899864197	84.5300018787384	84.35999751091003
788.25	84.57000255584717	85.22999882698059	83.569997549057	84.82999801635742	84.60000157356262
788.5	84.78999733924866	85.3600025177002	82.20999836921692	85.03000140190125	84.76999998092651
788.75	84.76999998092651	85.28000116348267	82.13000297546387	84.95000004768372	84.75000262260437
789	84.72999930381775	85.21999716758728	82.09999799728394	84.8800003528595	84.72999930381775
789.25	84.78999733924866	85.32000184059143	83.6899995803833	84.99000072479248	84.82999801635742
789.5	84.85999703407288	85.4099988937378	85.32000184059143	85.10000109672546	84.92000102996826
789.75	84.7599983215332	85.28000116348267	85.180002450943	84.96000170707703	84.76999998092651
790	84.76999998092651	85.22999882698059	85.08999943733215	84.89000201225281	84.7100019454956
790.25	84.89999771118164	85.29000282287598	85.08999943733215	84.89000201225281	84.7100019454956
790.5	84.72999930381775	85.07000207901001	84.82999801635742	84.63000059127808	84.45000052452087
790.75	84.49000120162964	84.85999703407288	84.60000157356262	84.40999984741211	84.17999744415283
791	84.50999855995178	84.92000102996826	84.7000002861023	84.46000218391418	84.21000242233276
791.25	84.68000292778015	85.03000140190125	84.8800003528595	84.64999794960022	84.39000248908997
791.5	84.74000096321106	85.03000140190125	84.9399983882904	84.71999764442444	84.46000218391418
791.75	84.72999930381775	84.97999906539917	84.95000004768372	84.7000002861023	84.45000052452087
792	84.85999703407288	85.07999777793884	85.03999710083008	84.82000231742859	84.56000089645386
792.25	85.0600004196167	85.28000116348267	85.18999814987183	85.03999710083008	84.74000096321106
792.5	85.04999876022339	85.26999950408936	85.14999747276306	85.03000140190125	84.7100019454956
792.75	84.85000133514404	85.01999974250793	84.9399983882904	84.81000065803528	84.50999855995178
793	84.86999869346619	84.95000004768372	84.93000268936157	84.75000262260437	84.52000021934509
793.25	84.96999740600586	84.96999740600586	84.95000004768372	84.74000096321106	84.58999991416931
793.5	84.76999998092651	84.7599983215332	84.71999764442444	84.5300018787384	84.40999984741211
793.75	84.68999862670898	84.7000002861023	84.61999893188477	84.49000120162964	84.28999781608582
794	85.03000140190125	85.07999777793884	84.93000268936157	84.85999703407288	84.58999991416931
794.25	85.28000116348267	85.33999919891357	85.19999980926514	85.11000275611877	84.86999869346619
794.5	85.21000146865845	85.19999980926514	85.14000177383423	84.96999740600586	84.76999998092651
794.75	85.19999980926514	85.13000011444092	85.11000275611877	84.85000133514404	84.7100019454956
795	85.36999821662903	85.29000282287598	85.26999950408936	84.96999740600586	84.82999801635742
795.25	85.50999760627747	85.43000221252441	85.39000153541565	85.11000275611877	84.89000201225281
795.5	85.31000018119812	85.25000214576721	85.18999814987183	84.95000004768372	84.64999794960022
795.75	85.15999913215637	85.14999747276306	85.0600004196167	84.81000065803528	84.54999923706055
796	85.46000123023987	85.46000123023987	85.33999919891357	85.04999876022339	84.8800003528595
796.25	85.64000129699707	85.65999865531921	85.49000024795532	85.180002450943	85.08999943733215
796.5	85.36999821662903	85.47999858856201	85.21999716758728	84.93000268936157	84.85000133514404
796.75	85.04999876022339	85.21999716758728	84.92000102996826	84.67000126838684	84.53999757766724
797	85.03000140190125	85.21999716758728	84.89999771118164	84.74000096321106	84.54999923706055
797.25	85.13000011444092	85.26999950408936	85.00999808311462	84.8800003528595	84.64999794960022
797.5	85.180002450943	85.25000214576721	85.07999777793884	84.89999771118164	84.68999862670898
797.75	85.25999784469604	85.29000282287598	85.08999943733215	84.89999771118164	84.74000096321106
798	85.17000079154968	85.15999913215637	84.92000102996826	84.75000262260437	84.60000157356262
798.25	84.89999771118164	84.89999771118164	84.64000225067139	84.50999855995178	84.28999781608582
798.5	84.83999967575073	84.83999967575073	84.579998254776	84.49000120162964	84.170001745224
798.75	85.07999777793884	85.0600004196167	84.86999869346619	84.7599983215332	84.38000082969666
799	85.33999919891357	85.26999950408936	85.17000079154968	85.03000140190125	84.64999794960022
799.25	85.32000184059143	85.21000146865845	85.17000079154968	85.00000238418579	84.65999960899353
799.5	85.13000011444092	85.00000238418579	84.95000004768372	84.79999899864197	84.50999855995178
799.75	85.18999814987183	85.04999876022339	85.00000238418579	84.85999703407288	84.58999991416931
800	85.29999852180481	85.2400004863739	85.14999747276306	85.04999876022339	84.7599983215332
800.25	85.10000109672546	85.08999943733215	84.99000072479248	84.8800003528595	84.57000255584717
800.5	84.89999771118164	84.93000268936157	84.81000065803528	84.65999960899353	84.3500018119812
800.75	85.01999974250793	85.0600004196167	84.90999937057495	84.71999764442444	84.46999788284302
801	85.14000177383423	85.19999980926514	84.96999740600586	84.76999998092651	84.579998254776
801.25	84.89000201225281	85.01999974250793	84.7100019454956	84.56000089645386	84.35999751091003
801.5	84.7100019454956	84.9399983882904	84.61999893188477	84.46000218391418	84.28999781608582
801.75	84.92000102996826	85.21999716758728	84.89999771118164	84.72999930381775	84.58999991416931
802	85.01999974250793	85.29999852180481	85.07000207901001	84.85999703407288	84.7100019454956
802.25	84.78999733924866	85.03999710083008	84.8800003528595	84.64999794960022	84.47999954223633
802.5	84.63000059127808	84.83999967575073	84.7000002861023	84.49000120162964	84.31000113487244
802.75	84.86999869346619	85.07999777793884	84.92000102996826	84.74000096321106	84.50999855995178
803	85.15999913215637	85.39000153541565	85.21999716758728	85.08999943733215	84.78000164031982
803.25	85.01999974250793	85.25999784469604	85.11999845504761	84.96999740600586	84.64999794960022
803.5	84.75000262260437	84.99000072479248	84.89999771118164	84.68999862670898	84.3999981880188
803.75	84.7100019454956	84.93000268936157	84.89000201225281	84.63000059127808	84.39000248908997
804	84.74000096321106	84.95000004768372	84.93000268936157	84.64999794960022	84.46999788284302
804.25	84.76999998092651	84.96999740600586	84.95000004768372	84.68000292778015	84.52000021934509
804.5	84.7599983215332	84.99000072479248	84.93000268936157	84.7000002861023	84.50000286102295
804.75	84.75000262260437	84.97999906539917	84.92000102996826	84.71999764442444	84.46999788284302
805	84.68999862670898	84.93000268936157	84.89999771118164	84.7100019454956	84.39000248908997
805.25	84.60999727249146	84.89000201225281	84.82999801635742	84.65999960899353	84.31000113487244
805.5	84.64000225067139	84.95000004768372	84.85999703407288	84.68000292778015	84.3500018119812
805.75	84.7000002861023	85.07999777793884	84.93000268936157	84.75000262260437	84.42999720573425
806	84.46999788284302	84.92000102996826	84.76999998092651	84.54999923706055	84.24999713897705
806.25	84.0499997138977	84.53999757766724	84.42000150680542	84.170001745224	83.8699996471405
806.5	84.0399980545044	84.52000021934509	84.46000218391418	84.14999842643738	83.89000296592712
806.75	84.29999947547913	84.75000262260437	84.72999930381775	84.40999984741211	84.170001745224
807	84.34000015258789	84.78999733924866	84.74000096321106	84.46000218391418	84.24000144004822
807.25	84.29999947547913	84.78999733924866	84.68999862670898	84.45000052452087	84.22999978065491
807.5	84.28000211715698	84.83999967575073	84.7100019454956	84.49000120162964	84.24000144004822
807.75	84.170001745224	84.7599983215332	84.64000225067139	84.42999720573425	84.14000272750854
808	84.00999903678894	84.54999923706055	84.50999855995178	84.28000211715698	83.96999835968018
808.25	83.96999835968018	84.42999720573425	84.47999954223633	84.18999910354614	83.91000032424927
808.5	84.09000039100647	84.50999855995178	84.54999923706055	84.2199981212616	83.98000001907349
808.75	84.17999744415283	84.60999727249146	84.57000255584717	84.27000045776367	84.02000069618225
809	84.14999842643738	84.64000225067139	84.5300018787384	84.24000144004822	83.9900016784668
809.25	84.07999873161316	84.60000157356262	84.46000218391418	84.17999744415283	83.92000198364258
809.5	84.09000039100647	84.60000157356262	84.43999886512756	84.14000272750854	83.8699996471405
809.75	84.09000039100647	84.61999893188477	84.45000052452087	84.10999774932861	83.85999798774719
810	84.09000039100647	84.52000021934509	84.3999981880188	84.00999903678894	83.78000259399414
810.25	84.13000106811523	84.42000150680542	84.29999947547913	83.89000296592712	83.63999724388123
810.5	84.10000205039978	84.28000211715698	84.170001745224	83.74000191688538	83.49999785423279
810.75	84.0399980545044	84.07999873161316	83.9900016784668	83.55000019073486	83.31999778747559
811	83.92000198364258	83.88000130653381	83.75999927520752	83.27999711036682	83.06999802589417
811.25	83.8100016117096	83.73000025749207	83.56000185012817	83.06000232696533	82.81999826431274
811.5	83.81999731063843	83.63000154495239	83.46999883651733	82.94000029563904	82.63999819755554
811.75	83.81999731063843	83.45999717712402	83.35999846458435	82.77999758720398	82.45999813079834
812	83.78000259399414	83.2099974155426	83.1499993801117	82.51000046730042	82.22000002861023
812.25	83.79999995231628	83.02000164985657	82.94000029563904	82.23000168800354	81.98999762535095
812.5	83.67999792098999	82.74000287055969	82.6200008392334	81.85999989509583	81.65000081062317
812.75	83.30000042915344	82.23000168800354	82.08000063896179	81.26999735832214	81.05000257492065
813	83.00999999046326	81.77000284194946	81.5999984741211	80.77999949455261	80.47000169754028
813.25	82.84000158309937	81.41000270843506	81.26000165939331	80.39000034332275	80.0499975681305
813.5	82.66000151634216	81.02999925613403	80.90999722480774	79.90999817848206	79.61999773979187
813.75	82.35999941825867	80.48999905586243	80.33999800682068	79.25000190734863	78.9900004863739
814	81.95000290870667	79.830002784729	79.61999773979187	78.4600019454956	78.25000286102295
814.25	81.66999816894531	79.29999828338623	79.04999852180481	77.7999997138977	77.60000228881836
814.5	81.33000135421753	78.67000102996826	78.40999960899353	77.06000208854675	76.84000134468079
814.75	80.76000213623047	77.7899980545044	77.5600016117096	76.09999775886536	75.85999965667725
815	80.239999294281	76.94000005722046	76.74000263214111	75.1200020313263	74.91000294685364
815.25	79.76999878883362	76.10999941825867	75.91999769210815	74.15000200271606	73.91999959945679
815.5	79.11999821662903	75.16000270843506	74.91000294685364	73.0400025844574	72.7400004863739
815.75	78.31000089645386	74.08999800682068	73.79000186920166	71.79999947547913	71.45000100135803
816	77.45000123977661	72.97000288963318	72.67000079154968	70.5299973487854	70.13000249862671
816.25	76.51000022888184	71.78000211715698	71.52000069618225	69.2300021648407	68.83000135421753
816.5	75.3600001335144	70.35999894142151	70.14999985694885	67.71000027656555	67.330002784729
816.75	74.04999732971191	68.76000165939331	68.5699999332428	65.97999930381775	65.60999751091003
817	72.89999723434448	67.330002784729	67.11000204086304	64.37000036239624	64.02000188827515
817.25	71.86999917030334	66.03000164031982	65.7800018787384	62.88999915122986	62.51000165939331
817.5	70.53999900817871	64.45000171661377	64.20000195503235	61.169999837875366	60.78000068664551
817.75	68.94999742507935	62.63999938964844	62.41999864578247	59.289997816085815	58.89999866485596
818	67.46000051498413	60.89000105857849	60.75999736785889	57.520002126693726	57.12000131607056
818.25	65.92000126838684	59.140002727508545	59.060001373291016	55.720001459121704	55.320000648498535
818.5	64.1700029373169	57.260000705718994	57.179999351501465	53.759998083114624	53.33999991416931
818.75	62.37000226974487	55.390000343322754	55.330002307891846	51.77000164985657	51.340001821517944
819	60.600000619888306	53.61999869346619	53.519999980926514	49.869999289512634	49.39999878406525
819.25	58.67000222206116	51.7300009727478	51.63999795913696	47.88999855518341	47.40000069141388
819.5	56.56999945640564	49.639999866485596	49.64999854564667	45.809999108314514	45.33999860286713
819.75	54.54000234603882	47.609999775886536	47.74999916553497	43.88999938964844	43.389999866485596
